!----------------------------------------------------------------------
! Basis Set Exchange
! Version v0.9
! https://www.basissetexchange.org
!----------------------------------------------------------------------
!   Basis set: aug-cc-pVQZ
! Description: aug-cc-pVQZ
!        Role: orbital
!     Version: 1  (Data from ccRepo/Grant Hill)
!----------------------------------------------------------------------


$DATA

HYDROGEN
S   3
1         8.264000E+01           2.006000E-03
2         1.241000E+01           1.534300E-02
3         2.824000E+00           7.557900E-02
S   1
1         7.977000E-01           1.000000E+00
S   1
1         2.581000E-01           1.000000E+00
S   1
1         8.989000E-02           1.000000E+00
S   1
1         0.0236300              1.0000000
P   1
1         2.292000E+00           1.000000E+00
P   1
1         8.380000E-01           1.000000E+00
P   1
1         2.920000E-01           1.000000E+00
P   1
1         0.0848000              1.0000000
D   1
1         2.062000E+00           1.000000E+00
D   1
1         6.620000E-01           1.000000E+00
D   1
1         0.1900000              1.0000000
F   1
1         1.397000E+00           1.0000000
F   1
1         0.3600000              1.0000000

BERYLLIUM
S   9
1         1.463000E+04           9.200000E-05
2         2.191000E+03           7.130000E-04
3         4.982000E+02           3.735000E-03
4         1.409000E+02           1.546800E-02
5         4.586000E+01           5.287400E-02
6         1.647000E+01           1.456940E-01
7         6.319000E+00           3.026810E-01
8         2.535000E+00           4.049360E-01
9         1.035000E+00           2.223870E-01
S   9
1         1.463000E+04          -1.700000E-05
2         2.191000E+03          -1.300000E-04
3         4.982000E+02          -6.790000E-04
4         1.409000E+02          -2.857000E-03
5         4.586000E+01          -9.813000E-03
6         1.647000E+01          -2.860900E-02
7         6.319000E+00          -6.376000E-02
8         2.535000E+00          -1.172310E-01
9         1.035000E+00          -1.212020E-01
S   1
1         2.528000E-01           1.000000E+00
S   1
1         1.052000E-01           1.000000E+00
S   1
1         4.261000E-02           1.000000E+00
S   1
1         1.410000E-02           1.000000E+00
P   3
1         1.403000E+01           4.099000E-03
2         3.168000E+00           2.562600E-02
3         9.024000E-01           1.037680E-01
P   1
1         3.036000E-01           1.000000E+00
P   1
1         1.130000E-01           1.000000E+00
P   1
1         4.286000E-02           1.000000E+00
P   1
1         8.400000E-03           1.000000E+00
D   1
1         1.128800E+00           1.000000E+00
D   1
1         4.569000E-01           1.000000E+00
D   1
1         1.850000E-01           1.000000E+00
D   1
1         5.560000E-02           1.000000E+00
F   1
1         4.768000E-01           1.000000E+00
F   1
1         2.521000E-01           1.000000E+00
F   1
1         9.050000E-02           1.000000E+00
G   1
1         4.131000E-01           1.0000000
G   1
1         1.654000E-01           1.000000E+00

CARBON
S   9
1         3.398000E+04           9.100000E-05
2         5.089000E+03           7.040000E-04
3         1.157000E+03           3.693000E-03
4         3.266000E+02           1.536000E-02
5         1.061000E+02           5.292900E-02
6         3.811000E+01           1.470430E-01
7         1.475000E+01           3.056310E-01
8         6.035000E+00           3.993450E-01
9         2.530000E+00           2.170510E-01
S   9
1         3.398000E+04          -1.900000E-05
2         5.089000E+03          -1.510000E-04
3         1.157000E+03          -7.850000E-04
4         3.266000E+02          -3.324000E-03
5         1.061000E+02          -1.151200E-02
6         3.811000E+01          -3.416000E-02
7         1.475000E+01          -7.717300E-02
8         6.035000E+00          -1.414930E-01
9         2.530000E+00          -1.180190E-01
S   1
1         7.355000E-01           1.000000E+00
S   1
1         2.905000E-01           1.000000E+00
S   1
1         1.111000E-01           1.000000E+00
S   1
1         0.0414500              1.0000000
P   3
1         3.451000E+01           5.378000E-03
2         7.915000E+00           3.613200E-02
3         2.368000E+00           1.424930E-01
P   1
1         8.132000E-01           1.000000E+00
P   1
1         2.890000E-01           1.000000E+00
P   1
1         1.007000E-01           1.000000E+00
P   1
1         0.0321800              1.0000000
D   1
1         1.848000E+00           1.000000E+00
D   1
1         6.490000E-01           1.000000E+00
D   1
1         2.280000E-01           1.000000E+00
D   1
1         0.0766000              1.0000000
F   1
1         1.419000E+00           1.000000E+00
F   1
1         4.850000E-01           1.000000E+00
F   1
1         0.1870000              1.0000000
G   1
1         1.011000E+00           1.0000000
G   1
1         0.4240000              1.0000000

NITROGEN
S   9
1         4.584000E+04           9.200000E-05
2         6.868000E+03           7.170000E-04
3         1.563000E+03           3.749000E-03
4         4.424000E+02           1.553200E-02
5         1.443000E+02           5.314600E-02
6         5.218000E+01           1.467870E-01
7         2.034000E+01           3.046630E-01
8         8.381000E+00           3.976840E-01
9         3.529000E+00           2.176410E-01
S   9
1         4.584000E+04          -2.000000E-05
2         6.868000E+03          -1.590000E-04
3         1.563000E+03          -8.240000E-04
4         4.424000E+02          -3.478000E-03
5         1.443000E+02          -1.196600E-02
6         5.218000E+01          -3.538800E-02
7         2.034000E+01          -8.007700E-02
8         8.381000E+00          -1.467220E-01
9         3.529000E+00          -1.163600E-01
S   1
1         1.054000E+00           1.000000E+00
S   1
1         4.118000E-01           1.000000E+00
S   1
1         1.552000E-01           1.000000E+00
S   1
1         0.0546400              1.0000000
P   3
1         4.933000E+01           5.533000E-03
2         1.137000E+01           3.796200E-02
3         3.435000E+00           1.490280E-01
P   1
1         1.182000E+00           1.000000E+00
P   1
1         4.173000E-01           1.000000E+00
P   1
1         1.428000E-01           1.000000E+00
P   1
1         0.0440200              1.0000000
D   1
1         2.837000E+00           1.000000E+00
D   1
1         9.680000E-01           1.000000E+00
D   1
1         3.350000E-01           1.000000E+00
D   1
1         0.1110000              1.0000000
F   1
1         2.027000E+00           1.000000E+00
F   1
1         6.850000E-01           1.000000E+00
F   1
1         0.2450000              1.0000000
G   1
1         1.427000E+00           1.0000000
G   1
1         0.5590000              1.0000000

OXYGEN
S   9
1         6.142000E+04           9.000000E-05
2         9.199000E+03           6.980000E-04
3         2.091000E+03           3.664000E-03
4         5.909000E+02           1.521800E-02
5         1.923000E+02           5.242300E-02
6         6.932000E+01           1.459210E-01
7         2.697000E+01           3.052580E-01
8         1.110000E+01           3.985080E-01
9         4.682000E+00           2.169800E-01
S   9
1         6.142000E+04          -2.000000E-05
2         9.199000E+03          -1.590000E-04
3         2.091000E+03          -8.290000E-04
4         5.909000E+02          -3.508000E-03
5         1.923000E+02          -1.215600E-02
6         6.932000E+01          -3.626100E-02
7         2.697000E+01          -8.299200E-02
8         1.110000E+01          -1.520900E-01
9         4.682000E+00          -1.153310E-01
S   1
1         1.428000E+00           1.000000E+00
S   1
1         5.547000E-01           1.000000E+00
S   1
1         2.067000E-01           1.000000E+00
S   1
1         0.0695900              1.0000000
P   3
1         6.342000E+01           6.044000E-03
2         1.466000E+01           4.179900E-02
3         4.459000E+00           1.611430E-01
P   1
1         1.531000E+00           1.000000E+00
P   1
1         5.302000E-01           1.000000E+00
P   1
1         1.750000E-01           1.000000E+00
P   1
1         0.0534800              1.0000000
D   1
1         3.775000E+00           1.000000E+00
D   1
1         1.300000E+00           1.000000E+00
D   1
1         4.440000E-01           1.000000E+00
D   1
1         0.1540000              1.0000000
F   1
1         2.666000E+00           1.000000E+00
F   1
1         8.590000E-01           1.000000E+00
F   1
1         0.3240000              1.0000000
G   1
1         1.846000E+00           1.0000000
G   1
1         0.7140000              1.0000000

$END
