!----------------------------------------------------------------------
! Basis Set Exchange
! Version v0.9
! https://www.basissetexchange.org
!----------------------------------------------------------------------
!   Basis set: aug-cc-pVTZ
! Description: aug-cc-pVTZ
!        Role: orbital
!     Version: 1  (Data from ccRepo/Grant Hill)
!----------------------------------------------------------------------


$DATA

HYDROGEN
S   3
1         3.387000E+01           6.068000E-03
2         5.095000E+00           4.530800E-02
3         1.159000E+00           2.028220E-01
S   1
1         3.258000E-01           1.000000E+00
S   1
1         1.027000E-01           1.000000E+00
S   1
1         0.0252600              1.0000000
P   1
1         1.407000E+00           1.000000E+00
P   1
1         3.880000E-01           1.000000E+00
P   1
1         0.1020000              1.0000000
D   1
1         1.057000E+00           1.0000000
D   1
1         0.2470000              1.0000000

BERYLLIUM
S   9
1         6.863000E+03           2.360000E-04
2         1.030000E+03           1.826000E-03
3         2.347000E+02           9.452000E-03
4         6.656000E+01           3.795700E-02
5         2.169000E+01           1.199650E-01
6         7.734000E+00           2.821620E-01
7         2.916000E+00           4.274040E-01
8         1.130000E+00           2.662780E-01
9         1.101000E-01          -7.275000E-03
S   1
1         2.577000E-01           1.000000E+00
S   9
1         6.863000E+03          -4.300000E-05
2         1.030000E+03          -3.330000E-04
3         2.347000E+02          -1.736000E-03
4         6.656000E+01          -7.012000E-03
5         2.169000E+01          -2.312600E-02
6         7.734000E+00          -5.813800E-02
7         2.916000E+00          -1.145560E-01
8         1.130000E+00          -1.359080E-01
9         1.101000E-01           5.774410E-01
S   1
1         4.409000E-02           1.000000E+00
S   1
1         1.470000E-02           1.000000E+00
P   3
1         7.436000E+00           1.073600E-02
2         1.577000E+00           6.285400E-02
3         4.352000E-01           2.481800E-01
P   1
1         1.438000E-01           1.000000E+00
P   1
1         4.994000E-02           1.000000E+00
P   1
1         9.300000E-03           1.000000E+00
D   1
1         3.493000E-01           1.000000E+00
D   1
1         1.724000E-01           1.000000E+00
D   1
1         5.880000E-02           1.000000E+00
F   1
1         3.423000E-01           1.0000000
F   1
1         1.188000E-01           1.000000E+00

CARBON
S   8
1         8.236000E+03           5.310000E-04
2         1.235000E+03           4.108000E-03
3         2.808000E+02           2.108700E-02
4         7.927000E+01           8.185300E-02
5         2.559000E+01           2.348170E-01
6         8.997000E+00           4.344010E-01
7         3.319000E+00           3.461290E-01
8         3.643000E-01          -8.983000E-03
S   1
1         9.059000E-01           1.000000E+00
S   8
1         8.236000E+03          -1.130000E-04
2         1.235000E+03          -8.780000E-04
3         2.808000E+02          -4.540000E-03
4         7.927000E+01          -1.813300E-02
5         2.559000E+01          -5.576000E-02
6         8.997000E+00          -1.268950E-01
7         3.319000E+00          -1.703520E-01
8         3.643000E-01           5.986840E-01
S   1
1         1.285000E-01           1.000000E+00
S   1
1         0.0440200              1.0000000
P   3
1         1.871000E+01           1.403100E-02
2         4.133000E+00           8.686600E-02
3         1.200000E+00           2.902160E-01
P   1
1         3.827000E-01           1.000000E+00
P   1
1         1.209000E-01           1.000000E+00
P   1
1         0.0356900              1.0000000
D   1
1         1.097000E+00           1.000000E+00
D   1
1         3.180000E-01           1.000000E+00
D   1
1         0.1000000              1.0000000
F   1
1         7.610000E-01           1.0000000
F   1
1         0.2680000              1.0000000

OXYGEN
S   8
1         1.533000E+04           5.080000E-04
2         2.299000E+03           3.929000E-03
3         5.224000E+02           2.024300E-02
4         1.473000E+02           7.918100E-02
5         4.755000E+01           2.306870E-01
6         1.676000E+01           4.331180E-01
7         6.207000E+00           3.502600E-01
8         6.882000E-01          -8.154000E-03
S   1
1         1.752000E+00           1.000000E+00
S   8
1         1.533000E+04          -1.150000E-04
2         2.299000E+03          -8.950000E-04
3         5.224000E+02          -4.636000E-03
4         1.473000E+02          -1.872400E-02
5         4.755000E+01          -5.846300E-02
6         1.676000E+01          -1.364630E-01
7         6.207000E+00          -1.757400E-01
8         6.882000E-01           6.034180E-01
S   1
1         2.384000E-01           1.000000E+00
S   1
1         0.0737600              1.0000000
P   3
1         3.446000E+01           1.592800E-02
2         7.749000E+00           9.974000E-02
3         2.280000E+00           3.104920E-01
P   1
1         7.156000E-01           1.000000E+00
P   1
1         2.140000E-01           1.000000E+00
P   1
1         0.0597400              1.0000000
D   1
1         2.314000E+00           1.000000E+00
D   1
1         6.450000E-01           1.000000E+00
D   1
1         0.2140000              1.0000000
F   1
1         1.428000E+00           1.0000000
F   1
1         0.5000000              1.0000000

NITROGEN
S   8
1         1.142000E+04           5.230000E-04
2         1.712000E+03           4.045000E-03
3         3.893000E+02           2.077500E-02
4         1.100000E+02           8.072700E-02
5         3.557000E+01           2.330740E-01
6         1.254000E+01           4.335010E-01
7         4.644000E+00           3.474720E-01
8         5.118000E-01          -8.508000E-03
S   1
1         1.293000E+00           1.000000E+00
S   8
1         1.142000E+04          -1.150000E-04
2         1.712000E+03          -8.950000E-04
3         3.893000E+02          -4.624000E-03
4         1.100000E+02          -1.852800E-02
5         3.557000E+01          -5.733900E-02
6         1.254000E+01          -1.320760E-01
7         4.644000E+00          -1.725100E-01
8         5.118000E-01           5.999440E-01
S   1
1         1.787000E-01           1.000000E+00
S   1
1         0.0576000              1.0000000
P   3
1         2.663000E+01           1.467000E-02
2         5.948000E+00           9.176400E-02
3         1.742000E+00           2.986830E-01
P   1
1         5.550000E-01           1.000000E+00
P   1
1         1.725000E-01           1.000000E+00
P   1
1         0.0491000              1.0000000
D   1
1         1.654000E+00           1.000000E+00
D   1
1         4.690000E-01           1.000000E+00
D   1
1         0.1510000              1.0000000
F   1
1         1.093000E+00           1.0000000
F   1
1         0.3640000              1.0000000

FLUORINE
S   8
1         1.950000E+04           5.070000E-04
2         2.923000E+03           3.923000E-03
3         6.645000E+02           2.020000E-02
4         1.875000E+02           7.901000E-02
5         6.062000E+01           2.304390E-01
6         2.142000E+01           4.328720E-01
7         7.950000E+00           3.499640E-01
8         8.815000E-01          -7.892000E-03
S   1
1         2.257000E+00           1.000000E+00
S   8
1         1.950000E+04          -1.170000E-04
2         2.923000E+03          -9.120000E-04
3         6.645000E+02          -4.717000E-03
4         1.875000E+02          -1.908600E-02
5         6.062000E+01          -5.965500E-02
6         2.142000E+01          -1.400100E-01
7         7.950000E+00          -1.767820E-01
8         8.815000E-01           6.050430E-01
S   1
1         3.041000E-01           1.000000E+00
S   1
1         0.0915800              1.0000000
P   3
1         4.388000E+01           1.666500E-02
2         9.926000E+00           1.044720E-01
3         2.930000E+00           3.172600E-01
P   1
1         9.132000E-01           1.000000E+00
P   1
1         2.672000E-01           1.000000E+00
P   1
1         0.0736100              1.0000000
D   1
1         3.107000E+00           1.000000E+00
D   1
1         8.550000E-01           1.000000E+00
D   1
1         0.2920000              1.0000000
F   1
1         1.917000E+00           1.0000000
F   1
1         0.7240000              1.0000000

ARGON
S   13
1         5.450000E+05           4.558280E-05
2         8.164000E+04           3.541080E-04
3         1.858000E+04           1.857970E-03
4         5.261000E+03           7.768510E-03
5         1.717000E+03           2.742320E-02
6         6.199000E+02           8.238360E-02
7         2.416000E+02           2.012300E-01
8         9.979000E+01           3.567810E-01
9         4.315000E+01           3.495630E-01
10        1.914000E+01           1.182660E-01
11        7.488000E+00           5.601900E-03
12        3.205000E+00           4.834730E-04
13        5.204000E-01           2.920250E-05
S   13
1         5.450000E+05          -1.295510E-05
2         8.164000E+04          -1.004280E-04
3         1.858000E+04          -5.295830E-04
4         5.261000E+03          -2.213960E-03
5         1.717000E+03          -7.968450E-03
6         6.199000E+02          -2.458030E-02
7         2.416000E+02          -6.577980E-02
8         9.979000E+01          -1.379420E-01
9         4.315000E+01          -2.016300E-01
10        1.914000E+01          -4.128340E-02
11        7.488000E+00           4.846800E-01
12        3.205000E+00           5.792240E-01
13        5.204000E-01          -7.275530E-03
S   1
1         1.196000E+00           1.000000E+00
S   13
1         5.450000E+05           4.049900E-06
2         8.164000E+04           3.136910E-05
3         1.858000E+04           1.656460E-04
4         5.261000E+03           6.916620E-04
5         1.717000E+03           2.497900E-03
6         6.199000E+02           7.710740E-03
7         2.416000E+02           2.087140E-02
8         9.979000E+01           4.439650E-02
9         4.315000E+01           6.802240E-02
10        1.914000E+01           1.413500E-02
11        7.488000E+00          -2.074890E-01
12        3.205000E+00          -4.250450E-01
13        5.204000E-01           7.336270E-01
S   1
1         1.954000E-01           1.000000E+00
S   1
1         0.0685000              1.0000000
P   7
1         7.618000E+02           2.369760E-03
2         1.802000E+02           1.901990E-02
3         5.750000E+01           8.808070E-02
4         2.124000E+01           2.563770E-01
5         8.388000E+00           4.387110E-01
6         3.416000E+00           3.475690E-01
7         4.523000E-01          -5.238820E-03
P   1
1         1.206000E+00           1.000000E+00
P   7
1         7.618000E+02          -6.672110E-04
2         1.802000E+02          -5.327170E-03
3         5.750000E+01          -2.554940E-02
4         2.124000E+01          -7.571970E-02
5         8.388000E+00          -1.411330E-01
6         3.416000E+00          -9.327680E-02
7         4.523000E-01           5.624500E-01
P   1
1         1.545000E-01           1.000000E+00
P   1
1         0.0487000              1.0000000
D   1
1         1.254000E+00           1.000000E+00
D   1
1         4.100000E-01           1.000000E+00
D   1
1         0.1690000              1.0000000
F   1
1         8.900000E-01           1.0000000
F   1
1         0.4060000              1.0000000

$END

